172
147
116
196
193
161
120
122
119
144
128
184
162
115
158
182
175
197
114
165
103
182
132
129
155
172
119
132
112
150
197
103
165
140
1000213
1000300
199
159
158
180
173
129
169
145
145
143
111
147
136
173
196
152
140
190
158
169
104
179
117
150
148
154
158
158
192
133
111
153
142
190
165
136
130
137
102
195
111
178
175
160
120
181
139
150
165
174
146
160
184
102
178
174
143
199
149
105
158
111
1000059
1000439
158
121
123
187
122
134
123
135
197
189
141
142
176
138
122
147
190
157
175
165
133
186
174
131
149
116
149
171
137
113
135
164
160
132
135
106
140
100
178
138
104
134
196
197
156
117
173
158
132
124
192
197
107
126
134
144
157
110
159
153
123
178
184
174
166
134
142
133
176
115
111
161
159
198
142
194
107
182
142
198
161
176
113
162
105
127
105
185
183
183
195
133
107
173
126
171
105
117
171
152
175
109
